Info:
	10s allotted
	LQR cost
	Meeting the goal is not mandated (ie. it's not a constraint)
	urdf1, 2, 3 = [ballbot_standard, ballbot_heavyball, ballbot_smallball]

start1, urdf1:
	cost = [11.150748487446107, 11.391097214633538, 11.381022213016326, 11.443344213536516, 11.396154859242309, 11.075317346576433, 10.519429161510232, 9.824473531813235, 9.067427592450128, 8.295223408724286, 7.5337751469873, 6.796924483765657, 6.092159570889825, 5.423619430948044, 4.793472367146865, 4.202787859886849, 3.652031191450988, 3.14124872884027, 2.6702432806826093, 2.2387720254924135, 1.8466433957731918, 1.493749367097319, 1.1800558852008103, 0.9055286085814052, 0.6700507577557555, 0.47339680682648044, 0.3150603245383914, 0.19291591084441584, 0.09759526789415134, 0.04439551392079479, 0.049898434125492434, 0.04970525547737322, 0.049583292602887435, 0.04949764520474766, 0.049441083372825705, 0.04942609376422331, 0.04942556909182018, 0.04944734202473255, 0.049491642512008285, 0.04955879504853138, 0.0496492254890456, 0.049763457136816125, 0.04990208115925507, 0.05006569604910275, 0.05025481385941646, 0.05046973146117655, 0.05066461091140152, 0.050931796105013714, 0.05104633161087342]
	cost_running_total = [11.150748487446107, 22.541845702079645, 33.92286791509597, 45.36621212863248, 56.76236698787479, 67.83768433445123, 78.35711349596146, 88.1815870277747, 97.24901462022483, 105.54423802894911, 113.0780131759364, 119.87493765970206, 125.96709723059188, 131.39071666153993, 136.1841890286868, 140.38697688857366, 144.03900808002464, 147.18025680886493, 149.85050008954752, 152.08927211503993, 153.93591551081312, 155.42966487791043, 156.60972076311123, 157.51524937169262, 158.18530012944836, 158.65869693627485, 158.97375726081324, 159.16667317165766, 159.2642684395518, 159.3086639534726, 159.35856238759808, 159.40826764307545, 159.45785093567832, 159.50734858088308, 159.5567896642559, 159.6062157580201, 159.65564132711194, 159.70508866913667, 159.75458031164868, 159.80413910669722, 159.85378833218627, 159.90355178932307, 159.95345387048232, 160.00351956653142, 160.05377438039085, 160.104244111852, 160.15490872276342, 160.20584051886843, 160.2568868504793]
	h = [0.2, 0.2, 0.2, 0.2, 0.2, 0.2, 0.2, 0.2, 0.2, 0.2, 0.2, 0.2, 0.2, 0.2, 0.2, 0.2, 0.2, 0.2, 0.2, 0.2, 0.2, 0.2, 0.2, 0.2, 0.2, 0.2, 0.2, 0.2, 0.2, 0.04566017502665875, 0.005, 0.005, 0.005, 0.005, 0.005, 0.005, 0.005, 0.005, 0.005, 0.005, 0.005, 0.005, 0.005, 0.005, 0.005, 0.005, 0.005, 0.005]

start1, urdf2:
	cost = [11.154157439131769, 11.407555291606046, 11.420224350701615, 11.510851012485997, 11.499254486881645, 11.218187646040676, 10.703079749559157, 10.047001071999722, 9.325472085009313, 8.584549319200368, 7.849666844060765, 7.13472878274085, 6.447316009029495, 5.791590490207487, 5.169890588286496, 4.583429825405788, 4.032731314482112, 3.51800743867006, 3.039319994836782, 2.5966137358145596, 2.1897718195982074, 1.8186635377567548, 1.4831600352018115, 1.1831524557167905, 0.9185827066835361, 0.6894667842643393, 0.4958677646160275, 0.3376645703078759, 0.21367408867219595, 0.11989100933227959, 0.052122070540492685, 0.04673663194440015, 0.04700080677275192, 0.04723167855387748, 0.047098385173409134, 0.04696329011998191, 0.04681793539387854, 0.0465374741230305, 0.04640302576760439, 0.046318516358776936, 0.04628081465612613, 0.046285737592375156, 0.046328182719615946, 0.04640263624759611, 0.046504174586585546, 0.046630024910130456, 0.04678173800766513, 0.04701114156007781, 0.04660241517892437]
	cost_running_total = [11.154157439131769, 22.561712730737817, 33.98193708143943, 45.49278809392543, 56.99204258080707, 68.21023022684776, 78.91330997640691, 88.96031104840662, 98.28578313341593, 106.8703324526163, 114.71999929667706, 121.85472807941791, 128.30204408844742, 134.0936345786549, 139.2635251669414, 143.8469549923472, 147.8796863068293, 151.39769374549937, 154.43701374033614, 157.0336274761507, 159.22339929574892, 161.04206283350567, 162.5252228687075, 163.70837532442428, 164.62695803110782, 165.31642481537216, 165.8122925799882, 166.14995715029607, 166.36363123896828, 166.48352224830057, 166.53564431884107, 166.58238095078548, 166.62938175755824, 166.67661343611212, 166.72371182128552, 166.7706751114055, 166.81749304679937, 166.8640305209224, 166.91043354669, 166.95675206304878, 167.0030328777049, 167.04931861529727, 167.09564679801687, 167.14204943426446, 167.18855360885104, 167.23518363376118, 167.28196537176885, 167.32897651332894, 167.37557892850788]
	h = [0.2, 0.2, 0.2, 0.2, 0.2, 0.2, 0.2, 0.2, 0.2, 0.2, 0.2, 0.2, 0.2, 0.2, 0.2, 0.2, 0.2, 0.2, 0.2, 0.2, 0.2, 0.2, 0.2, 0.2, 0.2, 0.2, 0.2, 0.2, 0.2, 0.2, 0.12634256363539373, 0.005, 0.005, 0.005, 0.005, 0.005, 0.005, 0.005, 0.005, 0.005, 0.005, 0.005, 0.005, 0.005, 0.005, 0.005, 0.005, 0.005]

start1, urdf3:
	cost = [11.150748487446107, 11.391097214633538, 11.381022213016326, 11.443344213536516, 11.396154859242309, 11.075317346576433, 10.519429161510232, 9.824473531813235, 9.067427592450128, 8.295223408724286, 7.5337751469873, 6.796924483765657, 6.092159570889825, 5.423619430948044, 4.793472367146865, 4.202787859886849, 3.652031191450988, 3.14124872884027, 2.6702432806826093, 2.2387720254924135, 1.8466433957731918, 1.493749367097319, 1.1800558852008103, 0.9055286085814052, 0.6700507577557555, 0.47339680682648044, 0.3150603245383914, 0.19291591084441584, 0.09759526789415134, 0.04439551392079479, 0.049898434125492434, 0.04970525547737322, 0.049583292602887435, 0.04949764520474766, 0.049441083372825705, 0.04942609376422331, 0.04942556909182018, 0.04944734202473255, 0.049491642512008285, 0.04955879504853138, 0.0496492254890456, 0.049763457136816125, 0.04990208115925507, 0.05006569604910275, 0.05025481385941646, 0.05046973146117655, 0.05066461091140152, 0.050931796105013714, 0.05104633161087342]
	cost_running_total = [11.150748487446107, 22.541845702079645, 33.92286791509597, 45.36621212863248, 56.76236698787479, 67.83768433445123, 78.35711349596146, 88.1815870277747, 97.24901462022483, 105.54423802894911, 113.0780131759364, 119.87493765970206, 125.96709723059188, 131.39071666153993, 136.1841890286868, 140.38697688857366, 144.03900808002464, 147.18025680886493, 149.85050008954752, 152.08927211503993, 153.93591551081312, 155.42966487791043, 156.60972076311123, 157.51524937169262, 158.18530012944836, 158.65869693627485, 158.97375726081324, 159.16667317165766, 159.2642684395518, 159.3086639534726, 159.35856238759808, 159.40826764307545, 159.45785093567832, 159.50734858088308, 159.5567896642559, 159.6062157580201, 159.65564132711194, 159.70508866913667, 159.75458031164868, 159.80413910669722, 159.85378833218627, 159.90355178932307, 159.95345387048232, 160.00351956653142, 160.05377438039085, 160.104244111852, 160.15490872276342, 160.20584051886843, 160.2568868504793]
	h = [0.2, 0.2, 0.2, 0.2, 0.2, 0.2, 0.2, 0.2, 0.2, 0.2, 0.2, 0.2, 0.2, 0.2, 0.2, 0.2, 0.2, 0.2, 0.2, 0.2, 0.2, 0.2, 0.2, 0.2, 0.2, 0.2, 0.2, 0.2, 0.2, 0.04566017502665875, 0.005, 0.005, 0.005, 0.005, 0.005, 0.005, 0.005, 0.005, 0.005, 0.005, 0.005, 0.005, 0.005, 0.005, 0.005, 0.005, 0.005, 0.005]

start2, urdf1:
	cost = [12.271658607220207, 17.359593517424997, 15.968295299828936, 15.843153740685631, 16.406034656461557, 16.7424293642886, 16.583961690816036, 16.002978811021855, 15.155225083651999, 14.164567088212525, 13.107628743567307, 12.029482251718441, 10.958041936307437, 9.911688326438862, 8.902930670786535, 7.940371276956321, 7.0297923086311656, 6.1748814647023575, 5.377801934300048, 4.639533109021685, 3.960158908816538, 3.3392135662661357, 2.775860795979563, 2.2687633283151465, 1.8163068169047352, 1.4179422247145532, 1.0727581220031492, 0.7788826020875816, 0.5352694707983133, 0.34166129830844294, 0.19766063560384028, 0.10821532767132573, 0.0741409629653514, 0.05727988721277667, 0.05699562341206765, 0.056454327280589994, 0.05615152513625885, 0.0559762962668791, 0.05585309460213054, 0.0557586013737088, 0.05568953421642681, 0.05564437326723494, 0.05562510051614084, 0.05563974080991343, 0.05568958147598459, 0.055770232522529245, 0.0558791585361013, 0.05591813998361772, 0.056420125277279555]
	cost_running_total = [12.271658607220207, 29.631252124645204, 45.59954742447414, 61.44270116515977, 77.84873582162132, 94.59116518590992, 111.17512687672595, 127.1781056877478, 142.3333307713998, 156.49789785961232, 169.60552660317964, 181.63500885489808, 192.5930507912055, 202.50473911764436, 211.4076697884309, 219.3480410653872, 226.37783337401837, 232.55271483872073, 237.93051677302077, 242.57004988204247, 246.530208790859, 249.86942235712513, 252.64528315310469, 254.91404648141983, 256.7303532983246, 258.14829552303917, 259.22105364504233, 259.99993624712994, 260.53520571792825, 260.8768670162367, 261.0745276518405, 261.18274297951183, 261.2568839424772, 261.31416382968996, 261.37115945310205, 261.4276137803826, 261.4837653055189, 261.53974160178575, 261.5955946963879, 261.6513532977616, 261.707042831978, 261.76268720524524, 261.81831230576137, 261.8739520465713, 261.92964162804725, 261.9854118605698, 262.0412910191059, 262.0972091590895, 262.1536292843668]
	h = [0.2, 0.2, 0.2, 0.2, 0.2, 0.2, 0.2, 0.2, 0.2, 0.2, 0.2, 0.2, 0.2, 0.2, 0.2, 0.2, 0.2, 0.2, 0.2, 0.2, 0.2, 0.2, 0.2, 0.2, 0.2, 0.2, 0.2, 0.2, 0.2, 0.2, 0.2, 0.2, 0.10190293304949478, 0.005, 0.005, 0.005, 0.005, 0.005, 0.005, 0.005, 0.005, 0.005, 0.005, 0.005, 0.005, 0.005, 0.005, 0.005]

start2, urdf2:
	cost = [12.284093337995285, 17.295763161611653, 15.877834160597843, 15.727276477302512, 16.28527389383427, 16.643587755134153, 16.52313139128117, 15.993870997454712, 15.20563343151802, 14.278565992132794, 13.285410686054075, 12.267504281740928, 11.249937527422835, 10.24991597194695, 9.280140422022663, 8.349637433693577, 7.464470239833414, 6.628393339517625, 5.843430850706174, 5.110449000166574, 4.4298435561349585, 3.8015941749345132, 3.2253959314251226, 2.700514921148888, 2.225655473111557, 1.7995943994245522, 1.424990295632164, 1.0927670312491957, 0.8113257532812211, 0.5730782835660656, 0.37919118468987206, 0.22999466854899642, 0.12815704442451772, 0.07602193489696621, 0.05078182015257281, 0.047466410712803095, 0.04978687792162171, 0.050970246850411134, 0.050748029605257684, 0.05052480025874773, 0.050333444268078564, 0.05020644082429984, 0.05012739573415176, 0.05009704089070188, 0.05012795400971821, 0.050224250872625886, 0.05018583797063888, 0.05026615977595889, 0.05092577226689578]
	cost_running_total = [12.284093337995285, 29.57985649960694, 45.45769066020478, 61.18496713750729, 77.47024103134156, 94.11382878647571, 110.63696017775688, 126.63083117521158, 141.8364646067296, 156.1150305988624, 169.40044128491647, 181.6679455666574, 192.91788309408025, 203.16779906602721, 212.44793948804988, 220.79757692174346, 228.26204716157687, 234.8904405010945, 240.73387135180067, 245.84432035196724, 250.2741639081022, 254.0757580830367, 257.3011540144618, 260.0016689356107, 262.22732440872227, 264.02691880814683, 265.451909103779, 266.54467613502817, 267.3560018883094, 267.92908017187546, 268.30827135656534, 268.53826602511435, 268.6664230695389, 268.74244500443587, 268.79322682458843, 268.8406932353012, 268.89048011322285, 268.94145036007325, 268.9921983896785, 269.04272318993725, 269.0930566342053, 269.1432630750296, 269.19339047076375, 269.24348751165445, 269.2936154656642, 269.3438397165368, 269.39402555450744, 269.4442917142834, 269.4952174865503]
	h = [0.2, 0.2, 0.2, 0.2, 0.2, 0.2, 0.2, 0.2, 0.2, 0.2, 0.2, 0.2, 0.2, 0.2, 0.2, 0.2, 0.2, 0.2, 0.2, 0.2, 0.2, 0.2, 0.2, 0.2, 0.2, 0.2, 0.2, 0.2, 0.2, 0.2, 0.2, 0.2, 0.2, 0.18858352901382294, 0.005, 0.005, 0.005, 0.005, 0.005, 0.005, 0.005, 0.005, 0.005, 0.005, 0.005, 0.005, 0.005, 0.005]

start2, urdf3:
	cost = [12.271658607220207, 17.359593517424997, 15.968295299828936, 15.843153740685631, 16.406034656461557, 16.7424293642886, 16.583961690816036, 16.002978811021855, 15.155225083651999, 14.164567088212525, 13.107628743567307, 12.029482251718441, 10.958041936307437, 9.911688326438862, 8.902930670786535, 7.940371276956321, 7.0297923086311656, 6.1748814647023575, 5.377801934300048, 4.639533109021685, 3.960158908816538, 3.3392135662661357, 2.775860795979563, 2.2687633283151465, 1.8163068169047352, 1.4179422247145532, 1.0727581220031492, 0.7788826020875816, 0.5352694707983133, 0.34166129830844294, 0.19766063560384028, 0.10821532767132573, 0.0741409629653514, 0.05727988721277667, 0.05699562341206765, 0.056454327280589994, 0.05615152513625885, 0.0559762962668791, 0.05585309460213054, 0.0557586013737088, 0.05568953421642681, 0.05564437326723494, 0.05562510051614084, 0.05563974080991343, 0.05568958147598459, 0.055770232522529245, 0.0558791585361013, 0.05591813998361772, 0.056420125277279555]
	cost_running_total = [12.271658607220207, 29.631252124645204, 45.59954742447414, 61.44270116515977, 77.84873582162132, 94.59116518590992, 111.17512687672595, 127.1781056877478, 142.3333307713998, 156.49789785961232, 169.60552660317964, 181.63500885489808, 192.5930507912055, 202.50473911764436, 211.4076697884309, 219.3480410653872, 226.37783337401837, 232.55271483872073, 237.93051677302077, 242.57004988204247, 246.530208790859, 249.86942235712513, 252.64528315310469, 254.91404648141983, 256.7303532983246, 258.14829552303917, 259.22105364504233, 259.99993624712994, 260.53520571792825, 260.8768670162367, 261.0745276518405, 261.18274297951183, 261.2568839424772, 261.31416382968996, 261.37115945310205, 261.4276137803826, 261.4837653055189, 261.53974160178575, 261.5955946963879, 261.6513532977616, 261.707042831978, 261.76268720524524, 261.81831230576137, 261.8739520465713, 261.92964162804725, 261.9854118605698, 262.0412910191059, 262.0972091590895, 262.1536292843668]
	h = [0.2, 0.2, 0.2, 0.2, 0.2, 0.2, 0.2, 0.2, 0.2, 0.2, 0.2, 0.2, 0.2, 0.2, 0.2, 0.2, 0.2, 0.2, 0.2, 0.2, 0.2, 0.2, 0.2, 0.2, 0.2, 0.2, 0.2, 0.2, 0.2, 0.2, 0.2, 0.2, 0.10190293304949478, 0.005, 0.005, 0.005, 0.005, 0.005, 0.005, 0.005, 0.005, 0.005, 0.005, 0.005, 0.005, 0.005, 0.005, 0.005]

start3, urdf1:
	cost = [8.367786279292673, 10.875321853816475, 7.635182173005848, 6.198028097164173, 6.179383075784222, 6.4389634759353624, 6.53831219433267, 6.40787869132761, 6.114838532542108, 5.7319997152324005, 5.308088884561664, 4.872756971662459, 4.442693535309588, 4.026641871315187, 3.628913236205536, 3.2514887588174752, 2.8954379203294187, 2.561467900488005, 2.2500010302319624, 1.9611384131682852, 1.6946567469956446, 1.450092003437748, 1.226846812860844, 1.0242681521533348, 0.8417062244835155, 0.6786044651035896, 0.5345972873087035, 0.4092106632889883, 0.3017171037383032, 0.21185570364133172, 0.13925295235390622, 0.08328379687047525, 0.04483709496532674, 0.02792425844711205, 0.018669707788716735, 0.018350392676046035, 0.01936680123831992, 0.019735586572239387, 0.020077848747461893, 0.02011688806144071, 0.01863892287444076, 0.018270770477728182, 0.01840686469892811, 0.01853792903185519, 0.018639497435189223, 0.01869621509019696, 0.018755670650084114, 0.018519456693361653, 0.01825058070068255]
	cost_running_total = [8.367786279292673, 19.243108133109146, 26.878290306114994, 33.07631840327917, 39.25570147906339, 45.69466495499875, 52.23297714933142, 58.64085584065903, 64.75569437320114, 70.48769408843354, 75.79578297299521, 80.66853994465767, 85.11123347996725, 89.13787535128245, 92.76678858748798, 96.01827734630545, 98.91371526663487, 101.47518316712288, 103.72518419735484, 105.68632261052312, 107.38097935751877, 108.83107136095651, 110.05791817381736, 111.0821863259707, 111.92389255045421, 112.6024970155578, 113.1370943028665, 113.54630496615549, 113.84802206989379, 114.05987777353512, 114.19913072588902, 114.2824145227595, 114.32725161772483, 114.35517587617194, 114.37384558396066, 114.3921959766367, 114.41156277787502, 114.43129836444726, 114.45137621319472, 114.47149310125616, 114.4901320241306, 114.50840279460833, 114.52680965930726, 114.54534758833911, 114.5639870857743, 114.5826833008645, 114.60143897151458, 114.61995842820794, 114.63820900890862]
	h = [0.2, 0.2, 0.2, 0.2, 0.2, 0.2, 0.2, 0.2, 0.2, 0.2, 0.2, 0.2, 0.2, 0.2, 0.2, 0.2, 0.2, 0.2, 0.2, 0.2, 0.2, 0.2, 0.2, 0.2, 0.2, 0.2, 0.2, 0.2, 0.2, 0.2, 0.2, 0.2, 0.2, 0.2, 0.014244819461154426, 0.005, 0.005, 0.005, 0.005, 0.005, 0.005, 0.005, 0.005, 0.005, 0.005, 0.005, 0.005, 0.005]

start3, urdf2:
	cost = [8.38800087572923, 10.797005264584723, 7.545050315906729, 6.077322243171362, 6.031467021289842, 6.289024508071595, 6.39737111291669, 6.2857432416177845, 6.018893900534098, 5.664423893771567, 5.270322159238515, 4.864533934101462, 4.462306125703001, 4.070995664366045, 3.6946762646398525, 3.33557966698937, 2.995187378511082, 2.674418426050396, 2.37352271244557, 2.0930913826948045, 1.8321372395367168, 1.590664226040801, 1.3686732429025157, 1.1646431651736362, 0.9793728016467594, 0.8114170071420974, 0.6610083629473937, 0.5271222695652107, 0.40982668145760204, 0.30825552856681604, 0.2221138891605593, 0.15121014217133572, 0.09541644432694471, 0.053840027520525045, 0.029033240448727536, 0.02084443367211937, 0.01684696126760106, 0.016499074263257106, 0.016013822228627447, 0.01608007060956569, 0.016439329946297664, 0.016733305033325905, 0.016651995087414818, 0.016631750408912994, 0.01665877476128872, 0.016684899400141416, 0.01665123818382012, 0.016622897658575834, 0.016186589177544047]
	cost_running_total = [8.38800087572923, 19.185006140313952, 26.73005645622068, 32.80737869939204, 38.83884572068188, 45.12787022875348, 51.52524134167017, 57.810984583287954, 63.82987848382205, 69.49430237759361, 74.76462453683213, 79.62915847093359, 84.09146459663658, 88.16246026100262, 91.85713652564247, 95.19271619263185, 98.18790357114293, 100.86232199719332, 103.23584470963888, 105.32893609233369, 107.16107333187041, 108.75173755791121, 110.12041080081373, 111.28505396598736, 112.26442676763412, 113.07584377477622, 113.73685213772362, 114.26397440728883, 114.67380108874643, 114.98205661731325, 115.2041705064738, 115.35538064864514, 115.45079709297208, 115.5046371204926, 115.53367036094133, 115.55451479461345, 115.57136175588106, 115.58786083014431, 115.60387465237294, 115.6199547229825, 115.6363940529288, 115.65312735796212, 115.66977935304953, 115.68641110345845, 115.70306987821974, 115.71975477761988, 115.73640601580371, 115.75302891346229, 115.76921550263984]
	h = [0.2, 0.2, 0.2, 0.2, 0.2, 0.2, 0.2, 0.2, 0.2, 0.2, 0.2, 0.2, 0.2, 0.2, 0.2, 0.2, 0.2, 0.2, 0.2, 0.2, 0.2, 0.2, 0.2, 0.2, 0.2, 0.2, 0.2, 0.2, 0.2, 0.2, 0.2, 0.2, 0.2, 0.2, 0.2, 0.10435537897277415, 0.005, 0.005, 0.005, 0.005, 0.005, 0.005, 0.005, 0.005, 0.005, 0.005, 0.005, 0.005]

start3, urdf3:
	cost = [8.367786279292673, 10.875321853816475, 7.635182173005848, 6.198028097164173, 6.179383075784222, 6.4389634759353624, 6.53831219433267, 6.40787869132761, 6.114838532542108, 5.7319997152324005, 5.308088884561664, 4.872756971662459, 4.442693535309588, 4.026641871315187, 3.628913236205536, 3.2514887588174752, 2.8954379203294187, 2.561467900488005, 2.2500010302319624, 1.9611384131682852, 1.6946567469956446, 1.450092003437748, 1.226846812860844, 1.0242681521533348, 0.8417062244835155, 0.6786044651035896, 0.5345972873087035, 0.4092106632889883, 0.3017171037383032, 0.21185570364133172, 0.13925295235390622, 0.08328379687047525, 0.04483709496532674, 0.02792425844711205, 0.018669707788716735, 0.018350392676046035, 0.01936680123831992, 0.019735586572239387, 0.020077848747461893, 0.02011688806144071, 0.01863892287444076, 0.018270770477728182, 0.01840686469892811, 0.01853792903185519, 0.018639497435189223, 0.01869621509019696, 0.018755670650084114, 0.018519456693361653, 0.01825058070068255]
	cost_running_total = [8.367786279292673, 19.243108133109146, 26.878290306114994, 33.07631840327917, 39.25570147906339, 45.69466495499875, 52.23297714933142, 58.64085584065903, 64.75569437320114, 70.48769408843354, 75.79578297299521, 80.66853994465767, 85.11123347996725, 89.13787535128245, 92.76678858748798, 96.01827734630545, 98.91371526663487, 101.47518316712288, 103.72518419735484, 105.68632261052312, 107.38097935751877, 108.83107136095651, 110.05791817381736, 111.0821863259707, 111.92389255045421, 112.6024970155578, 113.1370943028665, 113.54630496615549, 113.84802206989379, 114.05987777353512, 114.19913072588902, 114.2824145227595, 114.32725161772483, 114.35517587617194, 114.37384558396066, 114.3921959766367, 114.41156277787502, 114.43129836444726, 114.45137621319472, 114.47149310125616, 114.4901320241306, 114.50840279460833, 114.52680965930726, 114.54534758833911, 114.5639870857743, 114.5826833008645, 114.60143897151458, 114.61995842820794, 114.63820900890862]
	h = [0.2, 0.2, 0.2, 0.2, 0.2, 0.2, 0.2, 0.2, 0.2, 0.2, 0.2, 0.2, 0.2, 0.2, 0.2, 0.2, 0.2, 0.2, 0.2, 0.2, 0.2, 0.2, 0.2, 0.2, 0.2, 0.2, 0.2, 0.2, 0.2, 0.2, 0.2, 0.2, 0.2, 0.2, 0.014244819461154426, 0.005, 0.005, 0.005, 0.005, 0.005, 0.005, 0.005, 0.005, 0.005, 0.005, 0.005, 0.005, 0.005]